HydrOptiFrame report
================================================================================

Run folder       : HydrOptiFrame_Pulse_3T_2p000ms_20260306_150554
Title            : spl_30T_15p_2000ms_50000L2_50.0FB
Timestamp        : 2026-03-06 15:06:15

Pulse parameters
--------------------------------------------------------------------------------
T [ms]           : 2.0
NT               : 256
DT [ms]          : 0.0078125
flip [deg]       : 10
waveform_type    : spline
spline_order     : 2
set_edges_to_zero: False
waveform_params  : 
amp              : [0.652, 0.629, 0.61 , 0.539, 0.475, 0.436, 0.464, 0.476, 0.321, 0.44 , 0.501, 0.667, 0.641, 0.571, 0.622]
phi              : [-0.047371, -0.005371, -0.063371, -0.058371, -0.055371, -0.110371, -0.071371,  0.095629,  0.013629, -0.024371,  0.052629,  0.159629,
  0.204629,  0.060629, -0.014371]
amp_with_edges   : [0.652, 0.629, 0.61 , 0.539, 0.475, 0.436, 0.464, 0.476, 0.321, 0.44 , 0.501, 0.667, 0.641, 0.571, 0.622]
phi_with_edges   : [-0.047371, -0.005371, -0.063371, -0.058371, -0.055371, -0.110371, -0.071371,  0.095629,  0.013629, -0.024371,  0.052629,  0.159629,
  0.204629,  0.060629, -0.014371]
B1_amp           : [0.000841, 0.000839, 0.000837, 0.000835, 0.000833, 0.000831, 0.000829, 0.000827, 0.000825, 0.000824, 0.000822, 0.000821, 0.000819, 0.000818,
 0.000816, 0.000815, 0.000814, 0.000813, 0.000812, 0.00081 , 0.000809, 0.000808, 0.000808, 0.000807, 0.000806, 0.000805, 0.000805, 0.000804,
 0.000803, 0.000803, 0.000801, 0.0008  , 0.000798, 0.000796, 0.000794, 0.000791, 0.000788, 0.000785, 0.000781, 0.000778, 0.000773, 0.000769,
 0.000764, 0.000759, 0.000754, 0.000749, 0.000743, 0.000737, 0.000731, 0.000726, 0.00072 , 0.000715, 0.000709, 0.000704, 0.000699, 0.000693,
 0.000688, 0.000683, 0.000678, 0.000673, 0.000669, 0.000664, 0.000659, 0.000654, 0.00065 , 0.000646, 0.000641, 0.000637, 0.000633, 0.000628,
 0.000624, 0.00062 , 0.000616, 0.000612, 0.000608, 0.000604, 0.000601, 0.000597, 0.000593, 0.00059 , 0.000586, 0.000583, 0.000579, 0.000576,
 0.000573, 0.000571, 0.000569, 0.000567, 0.000565, 0.000564, 0.000563, 0.000562, 0.000562, 0.000562, 0.000563, 0.000563, 0.000564, 0.000566,
 0.000568, 0.00057 , 0.000572, 0.000575, 0.000577, 0.00058 , 0.000583, 0.000586, 0.000589, 0.000591, 0.000595, 0.000598, 0.000601, 0.000604,
 0.000607, 0.00061 , 0.000614, 0.000617, 0.000621, 0.000624, 0.000628, 0.000631, 0.000634, 0.000635, 0.000635, 0.000634, 0.000631, 0.000628,
 0.000623, 0.000617, 0.00061 , 0.000602, 0.000593, 0.000582, 0.000571, 0.000558, 0.000544, 0.000529, 0.000513, 0.000495, 0.000479, 0.000465,
 0.000452, 0.000442, 0.000433, 0.000425, 0.00042 , 0.000416, 0.000414, 0.000413, 0.000415, 0.000418, 0.000422, 0.000429, 0.000437, 0.000447,
 0.000459, 0.000472, 0.000486, 0.000499, 0.000511, 0.000522, 0.000533, 0.000543, 0.000552, 0.00056 , 0.000568, 0.000575, 0.000581, 0.000587,
 0.000591, 0.000596, 0.000599, 0.000601, 0.000603, 0.000604, 0.000605, 0.000607, 0.00061 , 0.000614, 0.000618, 0.000624, 0.00063 , 0.000637,
 0.000645, 0.000654, 0.000663, 0.000674, 0.000685, 0.000697, 0.00071 , 0.000724, 0.000739, 0.000755, 0.000771, 0.000785, 0.000799, 0.000812,
 0.000823, 0.000834, 0.000843, 0.000851, 0.000858, 0.000864, 0.000869, 0.000872, 0.000875, 0.000877, 0.000877, 0.000876, 0.000874, 0.000871,
 0.000867, 0.000863, 0.000859, 0.000854, 0.00085 , 0.000845, 0.00084 , 0.000835, 0.00083 , 0.000824, 0.000819, 0.000813, 0.000808, 0.000802,
 0.000796, 0.00079 , 0.000784, 0.000777, 0.000771, 0.000765, 0.000759, 0.000754, 0.00075 , 0.000746, 0.000743, 0.00074 , 0.000738, 0.000736,
 0.000735, 0.000735, 0.000735, 0.000735, 0.000736, 0.000738, 0.00074 , 0.000743, 0.000747, 0.000751, 0.000755, 0.00076 , 0.000766, 0.000772,
 0.000779, 0.000786, 0.000794, 0.000802]
B1_phase         : [-0.047371, -0.041705, -0.036431, -0.031546, -0.027052, -0.022948, -0.019234, -0.015911, -0.012978, -0.010435, -0.008282, -0.00652 ,
 -0.005148, -0.004166, -0.003575, -0.003374, -0.003563, -0.004142, -0.005112, -0.006472, -0.008222, -0.010363, -0.012894, -0.015815,
 -0.019126, -0.022828, -0.02692 , -0.031402, -0.036111, -0.040536, -0.044641, -0.048425, -0.051888, -0.05503 , -0.057852, -0.060353,
 -0.062534, -0.064394, -0.065934, -0.067153, -0.068051, -0.068628, -0.068885, -0.068822, -0.068438, -0.067733, -0.066743, -0.06572 ,
 -0.064711, -0.063716, -0.062736, -0.06177 , -0.060818, -0.05988 , -0.058957, -0.058048, -0.057153, -0.056272, -0.055405, -0.054553,
 -0.053715, -0.052891, -0.052082, -0.051287, -0.050514, -0.049949, -0.049668, -0.04967 , -0.049955, -0.050523, -0.051375, -0.05251 ,
 -0.053929, -0.055631, -0.057616, -0.059885, -0.062437, -0.065273, -0.068391, -0.071794, -0.075479, -0.079448, -0.0837  , -0.087914,
 -0.091813, -0.095396, -0.098663, -0.101615, -0.10425 , -0.10657 , -0.108574, -0.110262, -0.111634, -0.112691, -0.113432, -0.113857,
 -0.113966, -0.113759, -0.113237, -0.112398, -0.111244, -0.10966 , -0.107426, -0.104536, -0.100991, -0.096791, -0.091936, -0.086426,
 -0.080261, -0.07344 , -0.065964, -0.057833, -0.049046, -0.039605, -0.029508, -0.018756, -0.007348,  0.004714,  0.017432,  0.03047 ,
  0.042488,  0.053345,  0.063042,  0.071578,  0.078954,  0.085169,  0.090224,  0.094118,  0.096851,  0.098424,  0.098836,  0.098088,
  0.096179,  0.09311 ,  0.08888 ,  0.083489,  0.076938,  0.06934 ,  0.061775,  0.054514,  0.047557,  0.040904,  0.034554,  0.028508,
  0.022766,  0.017328,  0.012193,  0.007363,  0.002836, -0.001388, -0.005307, -0.008923, -0.012235, -0.015243, -0.017947, -0.020347,
 -0.022379, -0.024012, -0.025246, -0.026082, -0.026518, -0.026556, -0.026194, -0.025434, -0.024275, -0.022716, -0.020759, -0.018403,
 -0.015647, -0.012493, -0.00894 , -0.004988, -0.000637,  0.004113,  0.009112,  0.014186,  0.019336,  0.024561,  0.029863,  0.035239,
  0.040691,  0.046219,  0.051823,  0.057502,  0.063256,  0.069086,  0.074992,  0.080973,  0.08703 ,  0.093163,  0.099371,  0.105654,
  0.111956,  0.118135,  0.124185,  0.130106,  0.135898,  0.141561,  0.147095,  0.1525  ,  0.157776,  0.162923,  0.167941,  0.172831,
  0.177591,  0.182222,  0.186724,  0.191097,  0.195341,  0.199456,  0.203347,  0.206512,  0.208881,  0.210453,  0.211229,  0.211208,
  0.21039 ,  0.208776,  0.206365,  0.203157,  0.199153,  0.194352,  0.188754,  0.182359,  0.175168,  0.167181,  0.158396,  0.148815,
  0.138497,  0.128265,  0.118386,  0.108857,  0.09968 ,  0.090855,  0.082381,  0.074259,  0.066488,  0.059069,  0.052001,  0.045285,
  0.03892 ,  0.032907,  0.027245,  0.021935,  0.016976,  0.012369,  0.008113,  0.004209,  0.000656, -0.002545, -0.005395, -0.007893,
 -0.010039, -0.011835, -0.013278, -0.014371]

Optimiser / simulation parameters
--------------------------------------------------------------------------------
n_points         : 15
n_epochs         : 100
amp_lim_low      : 0.01
amp_lim_high     : 1.0
phi_lim          : 12.566370614359172
sigma0           : 0.04

GYR              : 42577478.518
SYSFIELD [T]     : 3.0
SYSFREQ [Hz]     : 127732435.55399999
DELTAFREQFAT     : -3.4e-06
FATFREQ [Hz]     : -434.29028088359996

TE [ms]          : 4.78
TR [ms]          : 2.35
T1 [ms]          : 1480.0
T2 [ms]          : 50.0

NF               : 200
NZ               : 100
F [Hz]           : 1000.0
FOV              : 0.44
SLICETHICKNESS   : 0.12571428571428572
DF               : [-1000.      ,  -989.949749,  -979.899497,  -969.849246,  -959.798995,  -949.748744,  -939.698492,  -929.648241,  -919.59799 ,  -909.547739,
  -899.497487,  -889.447236,  -879.396985,  -869.346734,  -859.296482,  -849.246231,  -839.19598 ,  -829.145729,  -819.095477,  -809.045226,
  -798.994975,  -788.944724,  -778.894472,  -768.844221,  -758.79397 ,  -748.743719,  -738.693467,  -728.643216,  -718.592965,  -708.542714,
  -698.492462,  -688.442211,  -678.39196 ,  -668.341709,  -658.291457,  -648.241206,  -638.190955,  -628.140704,  -618.090452,  -608.040201,
  -597.98995 ,  -587.939698,  -577.889447,  -567.839196,  -557.788945,  -547.738693,  -537.688442,  -527.638191,  -517.58794 ,  -507.537688,
  -497.487437,  -487.437186,  -477.386935,  -467.336683,  -457.286432,  -447.236181,  -437.18593 ,  -427.135678,  -417.085427,  -407.035176,
  -396.984925,  -386.934673,  -376.884422,  -366.834171,  -356.78392 ,  -346.733668,  -336.683417,  -326.633166,  -316.582915,  -306.532663,
  -296.482412,  -286.432161,  -276.38191 ,  -266.331658,  -256.281407,  -246.231156,  -236.180905,  -226.130653,  -216.080402,  -206.030151,
  -195.979899,  -185.929648,  -175.879397,  -165.829146,  -155.778894,  -145.728643,  -135.678392,  -125.628141,  -115.577889,  -105.527638,
   -95.477387,   -85.427136,   -75.376884,   -65.326633,   -55.276382,   -45.226131,   -35.175879,   -25.125628,   -15.075377,    -5.025126,
     5.025126,    15.075377,    25.125628,    35.175879,    45.226131,    55.276382,    65.326633,    75.376884,    85.427136,    95.477387,
   105.527638,   115.577889,   125.628141,   135.678392,   145.728643,   155.778894,   165.829146,   175.879397,   185.929648,   195.979899,
   206.030151,   216.080402,   226.130653,   236.180905,   246.231156,   256.281407,   266.331658,   276.38191 ,   286.432161,   296.482412,
   306.532663,   316.582915,   326.633166,   336.683417,   346.733668,   356.78392 ,   366.834171,   376.884422,   386.934673,   396.984925,
   407.035176,   417.085427,   427.135678,   437.18593 ,   447.236181,   457.286432,   467.336683,   477.386935,   487.437186,   497.487437,
   507.537688,   517.58794 ,   527.638191,   537.688442,   547.738693,   557.788945,   567.839196,   577.889447,   587.939698,   597.98995 ,
   608.040201,   618.090452,   628.140704,   638.190955,   648.241206,   658.291457,   668.341709,   678.39196 ,   688.442211,   698.492462,
   708.542714,   718.592965,   728.643216,   738.693467,   748.743719,   758.79397 ,   768.844221,   778.894472,   788.944724,   798.994975,
   809.045226,   819.095477,   829.145729,   839.19598 ,   849.246231,   859.296482,   869.346734,   879.396985,   889.447236,   899.497487,
   909.547739,   919.59799 ,   929.648241,   939.698492,   949.748744,   959.798995,   969.849246,   979.899497,   989.949749,  1000.      ]
DZ               : [-0.44    , -0.431111, -0.422222, -0.413333, -0.404444, -0.395556, -0.386667, -0.377778, -0.368889, -0.36    , -0.351111, -0.342222,
 -0.333333, -0.324444, -0.315556, -0.306667, -0.297778, -0.288889, -0.28    , -0.271111, -0.262222, -0.253333, -0.244444, -0.235556,
 -0.226667, -0.217778, -0.208889, -0.2     , -0.191111, -0.182222, -0.173333, -0.164444, -0.155556, -0.146667, -0.137778, -0.128889,
 -0.12    , -0.111111, -0.102222, -0.093333, -0.084444, -0.075556, -0.066667, -0.057778, -0.048889, -0.04    , -0.031111, -0.022222,
 -0.013333, -0.004444,  0.004444,  0.013333,  0.022222,  0.031111,  0.04    ,  0.048889,  0.057778,  0.066667,  0.075556,  0.084444,
  0.093333,  0.102222,  0.111111,  0.12    ,  0.128889,  0.137778,  0.146667,  0.155556,  0.164444,  0.173333,  0.182222,  0.191111,
  0.2     ,  0.208889,  0.217778,  0.226667,  0.235556,  0.244444,  0.253333,  0.262222,  0.271111,  0.28    ,  0.288889,  0.297778,
  0.306667,  0.315556,  0.324444,  0.333333,  0.342222,  0.351111,  0.36    ,  0.368889,  0.377778,  0.386667,  0.395556,  0.404444,
  0.413333,  0.422222,  0.431111,  0.44    ]

FLIPMIN [deg]    : 1.0
FLIPMAX [deg]    : 90.0
NFLIP            : 100

CORRCOEF         : 1.0
L1               : 100.0
L2               : 5.0
L3               : 30.0
FATBAND [Hz]     : 50.0
WATBAND [Hz]     : 10.0

Optimisation results
--------------------------------------------------------------------------------
best_value       : 71.74865924439575
best_params      :
  amp1: 0.652
  amp2: 0.629
  amp3: 0.61
  amp4: 0.539
  amp5: 0.47500000000000003
  amp6: 0.436
  amp7: 0.464
  amp8: 0.47600000000000003
  amp9: 0.321
  amp10: 0.44
  amp11: 0.501
  amp12: 0.667
  amp13: 0.641
  amp14: 0.5710000000000001
  amp15: 0.622
  phi1: -0.047370614359172336
  phi2: -0.005370614359172521
  phi3: -0.06337061435917235
  phi4: -0.05837061435917157
  phi5: -0.055370614359171455
  phi6: -0.11037061435917295
  phi7: -0.07137061435917147
  phi8: 0.09562938564082835
  phi9: 0.013629385640827607
  phi10: -0.02437061435917265
  phi11: 0.05262938564082731
  phi12: 0.1596293856408284
  phi13: 0.20462938564082833
  phi14: 0.060629385640828204
  phi15: -0.014370614359172862

