HydrOptiFrame report
================================================================================

Run folder       : HydrOptiFrame_Pulse_3T_2p000ms_20260306_145059
Title            : spl_30T_15p_2000ms_50000L2_50.0FB
Timestamp        : 2026-03-06 14:52:39

Pulse parameters
--------------------------------------------------------------------------------
T [ms]           : 2.0
NT               : 256
DT [ms]          : 0.0078125
flip [deg]       : 10
waveform_type    : spline
spline_order     : 2
set_edges_to_zero: False
waveform_params  : 
amp              : [0.528, 0.583, 0.45 , 0.537, 0.544, 0.541, 0.281, 0.416, 0.318, 0.353, 0.413, 0.555, 0.556, 0.605, 0.459]
phi              : [ 0.020629, -0.104371,  0.103629, -0.094371, -0.004371, -0.090371,  0.180629,  0.020629, -0.022371,  0.090629,  0.137629,  0.054629,
  0.056629,  0.068629, -0.122371]
amp_with_edges   : [0.528, 0.583, 0.45 , 0.537, 0.544, 0.541, 0.281, 0.416, 0.318, 0.353, 0.413, 0.555, 0.556, 0.605, 0.459]
phi_with_edges   : [ 0.020629, -0.104371,  0.103629, -0.094371, -0.004371, -0.090371,  0.180629,  0.020629, -0.022371,  0.090629,  0.137629,  0.054629,
  0.056629,  0.068629, -0.122371]
B1_amp           : [0.000754, 0.000768, 0.000781, 0.000793, 0.000804, 0.000814, 0.000822, 0.000829, 0.000835, 0.00084 , 0.000844, 0.000847, 0.000849, 0.000849,
 0.000848, 0.000846, 0.000843, 0.000839, 0.000834, 0.000827, 0.00082 , 0.000811, 0.000801, 0.00079 , 0.000777, 0.000764, 0.00075 , 0.000734,
 0.000718, 0.000703, 0.00069 , 0.000678, 0.000668, 0.000659, 0.000653, 0.000647, 0.000644, 0.000642, 0.000641, 0.000642, 0.000645, 0.000649,
 0.000655, 0.000662, 0.000671, 0.000682, 0.000694, 0.000705, 0.000716, 0.000726, 0.000735, 0.000743, 0.000751, 0.000757, 0.000763, 0.000769,
 0.000773, 0.000776, 0.000779, 0.000781, 0.000782, 0.000783, 0.000782, 0.000781, 0.000779, 0.000777, 0.000776, 0.000775, 0.000774, 0.000774,
 0.000774, 0.000775, 0.000776, 0.000777, 0.000779, 0.000781, 0.000784, 0.000787, 0.00079 , 0.000794, 0.000799, 0.000803, 0.000808, 0.000813,
 0.000815, 0.000815, 0.000813, 0.000809, 0.000803, 0.000795, 0.000785, 0.000773, 0.000759, 0.000743, 0.000725, 0.000705, 0.000683, 0.000659,
 0.000632, 0.000604, 0.000574, 0.000543, 0.000515, 0.00049 , 0.000468, 0.000449, 0.000433, 0.00042 , 0.00041 , 0.000403, 0.000398, 0.000397,
 0.000399, 0.000403, 0.000411, 0.000421, 0.000435, 0.000451, 0.00047 , 0.000491, 0.000511, 0.000529, 0.000544, 0.000558, 0.000569, 0.000579,
 0.000586, 0.000592, 0.000596, 0.000597, 0.000597, 0.000594, 0.000589, 0.000583, 0.000574, 0.000564, 0.000551, 0.000537, 0.000523, 0.00051 ,
 0.000499, 0.000488, 0.000479, 0.000471, 0.000464, 0.000458, 0.000453, 0.000449, 0.000447, 0.000445, 0.000445, 0.000446, 0.000447, 0.000451,
 0.000455, 0.00046 , 0.000466, 0.000471, 0.000476, 0.000481, 0.000486, 0.000491, 0.000496, 0.0005  , 0.000504, 0.000509, 0.000513, 0.000516,
 0.00052 , 0.000524, 0.000527, 0.00053 , 0.000533, 0.000536, 0.000539, 0.000543, 0.000548, 0.000553, 0.000559, 0.000565, 0.000572, 0.00058 ,
 0.000588, 0.000598, 0.000607, 0.000618, 0.000629, 0.000641, 0.000653, 0.000666, 0.00068 , 0.000695, 0.000709, 0.000723, 0.000736, 0.000748,
 0.000758, 0.000768, 0.000776, 0.000784, 0.00079 , 0.000796, 0.0008  , 0.000804, 0.000806, 0.000808, 0.000808, 0.000808, 0.000806, 0.000803,
 0.0008  , 0.000797, 0.000794, 0.000792, 0.000791, 0.000791, 0.000791, 0.000792, 0.000793, 0.000795, 0.000797, 0.000801, 0.000804, 0.000809,
 0.000814, 0.00082 , 0.000826, 0.000833, 0.00084 , 0.000847, 0.000853, 0.000857, 0.000861, 0.000864, 0.000865, 0.000866, 0.000865, 0.000863,
 0.000861, 0.000857, 0.000852, 0.000847, 0.00084 , 0.000832, 0.000823, 0.000813, 0.000802, 0.00079 , 0.000777, 0.000762, 0.000747, 0.000731,
 0.000714, 0.000695, 0.000676, 0.000655]
B1_phase         : [ 2.062939e-02,  1.231654e-03, -1.670973e-02, -3.319477e-02, -4.822346e-02, -6.179580e-02, -7.391180e-02, -8.457145e-02, -9.377475e-02,
 -1.015217e-01, -1.078123e-01, -1.126466e-01, -1.160245e-01, -1.179461e-01, -1.184113e-01, -1.174202e-01, -1.149727e-01, -1.110689e-01,
 -1.057087e-01, -9.889218e-02, -9.061932e-02, -8.089011e-02, -6.970456e-02, -5.706265e-02, -4.296440e-02, -2.740981e-02, -1.039886e-02,
  8.068427e-03,  2.715843e-02,  4.427095e-02,  5.921894e-02,  7.200239e-02,  8.262131e-02,  9.107570e-02,  9.736555e-02,  1.014909e-01,
  1.034517e-01,  1.032479e-01,  1.008796e-01,  9.634683e-02,  8.964948e-02,  8.078761e-02,  6.976120e-02,  5.657025e-02,  4.121478e-02,
  2.369477e-02,  4.431132e-03, -1.365223e-02, -2.999495e-02, -4.459702e-02, -5.745845e-02, -6.857922e-02, -7.795935e-02, -8.559884e-02,
 -9.149767e-02, -9.565586e-02, -9.807340e-02, -9.875030e-02, -9.768655e-02, -9.488215e-02, -9.033710e-02, -8.405141e-02, -7.602507e-02,
 -6.625808e-02, -5.484655e-02, -4.390468e-02, -3.429739e-02, -2.602468e-02, -1.908653e-02, -1.348296e-02, -9.213969e-03, -6.279547e-03,
 -4.679700e-03, -4.414427e-03, -5.483728e-03, -7.887602e-03, -1.162605e-02, -1.669907e-02, -2.310667e-02, -3.084884e-02, -3.992559e-02,
 -5.033690e-02, -6.208066e-02, -7.336255e-02, -8.262167e-02, -8.985803e-02, -9.507161e-02, -9.826243e-02, -9.943048e-02, -9.857577e-02,
 -9.569829e-02, -9.079803e-02, -8.387502e-02, -7.492923e-02, -6.396067e-02, -5.096935e-02, -3.595526e-02, -1.891840e-02,  1.412207e-04,
  2.122361e-02,  4.432877e-02,  6.803428e-02,  8.961361e-02,  1.089995e-01,  1.261920e-01,  1.411912e-01,  1.539969e-01,  1.646092e-01,
  1.730281e-01,  1.792535e-01,  1.832856e-01,  1.851243e-01,  1.847696e-01,  1.822215e-01,  1.774799e-01,  1.705450e-01,  1.614166e-01,
  1.500949e-01,  1.365797e-01,  1.214127e-01,  1.067635e-01,  9.285898e-02,  7.969905e-02,  6.728373e-02,  5.561302e-02,  4.468693e-02,
  3.450545e-02,  2.506859e-02,  1.637634e-02,  8.428698e-03,  1.225673e-03, -5.232738e-03, -1.094654e-02, -1.591572e-02, -2.014029e-02,
 -2.362025e-02, -2.635560e-02, -2.836157e-02, -2.978410e-02, -3.065958e-02, -3.098802e-02, -3.076943e-02, -3.000379e-02, -2.869112e-02,
 -2.683140e-02, -2.442465e-02, -2.147085e-02, -1.797002e-02, -1.392215e-02, -9.327232e-03, -4.185279e-03,  1.503713e-03,  7.739745e-03,
  1.452282e-02,  2.185293e-02,  2.971713e-02,  3.759023e-02,  4.519823e-02,  5.254113e-02,  5.961893e-02,  6.643164e-02,  7.297924e-02,
  7.926175e-02,  8.527916e-02,  9.103147e-02,  9.651869e-02,  1.017408e-01,  1.066978e-01,  1.113897e-01,  1.158166e-01,  1.199783e-01,
  1.238749e-01,  1.275064e-01,  1.308729e-01,  1.338427e-01,  1.362647e-01,  1.381388e-01,  1.394649e-01,  1.402431e-01,  1.404733e-01,
  1.401555e-01,  1.392898e-01,  1.378761e-01,  1.359144e-01,  1.334048e-01,  1.303472e-01,  1.267417e-01,  1.225882e-01,  1.178867e-01,
  1.126373e-01,  1.068399e-01,  1.004945e-01,  9.387293e-02,  8.763920e-02,  8.182355e-02,  7.642597e-02,  7.144647e-02,  6.688504e-02,
  6.274169e-02,  5.901641e-02,  5.570921e-02,  5.282008e-02,  5.034903e-02,  4.829606e-02,  4.666115e-02,  4.544433e-02,  4.464558e-02,
  4.426490e-02,  4.430230e-02,  4.475778e-02,  4.558413e-02,  4.653512e-02,  4.757529e-02,  4.870465e-02,  4.992319e-02,  5.123091e-02,
  5.262782e-02,  5.411391e-02,  5.568919e-02,  5.735365e-02,  5.910729e-02,  6.095012e-02,  6.288213e-02,  6.490332e-02,  6.701370e-02,
  6.921327e-02,  7.150201e-02,  7.387994e-02,  7.630567e-02,  7.820382e-02,  7.938993e-02,  7.986400e-02,  7.962602e-02,  7.867601e-02,
  7.701396e-02,  7.463986e-02,  7.155373e-02,  6.775555e-02,  6.324533e-02,  5.802307e-02,  5.208877e-02,  4.544243e-02,  3.808405e-02,
  3.001363e-02,  2.123117e-02,  1.173666e-02,  1.530121e-03, -9.388464e-03, -2.101909e-02, -3.336176e-02, -4.641646e-02, -6.018321e-02,
 -7.466200e-02, -8.985283e-02, -1.057557e-01, -1.223706e-01]

Optimiser / simulation parameters
--------------------------------------------------------------------------------
n_points         : 15
n_epochs         : 100
amp_lim_low      : 0.01
amp_lim_high     : 1.0
phi_lim          : 12.566370614359172
sigma0           : 0.04

GYR              : 42577478.518
SYSFIELD [T]     : 3.0
SYSFREQ [Hz]     : 127732435.55399999
DELTAFREQFAT     : -3.4e-06
FATFREQ [Hz]     : -434.29028088359996

TE [ms]          : 4.78
TR [ms]          : 2.35
T1 [ms]          : 1480.0
T2 [ms]          : 50.0

NF               : 200
NZ               : 100
F [Hz]           : 1000.0
FOV              : 0.44
SLICETHICKNESS   : 0.12571428571428572
DF               : [-1000.      ,  -989.949749,  -979.899497,  -969.849246,  -959.798995,  -949.748744,  -939.698492,  -929.648241,  -919.59799 ,  -909.547739,
  -899.497487,  -889.447236,  -879.396985,  -869.346734,  -859.296482,  -849.246231,  -839.19598 ,  -829.145729,  -819.095477,  -809.045226,
  -798.994975,  -788.944724,  -778.894472,  -768.844221,  -758.79397 ,  -748.743719,  -738.693467,  -728.643216,  -718.592965,  -708.542714,
  -698.492462,  -688.442211,  -678.39196 ,  -668.341709,  -658.291457,  -648.241206,  -638.190955,  -628.140704,  -618.090452,  -608.040201,
  -597.98995 ,  -587.939698,  -577.889447,  -567.839196,  -557.788945,  -547.738693,  -537.688442,  -527.638191,  -517.58794 ,  -507.537688,
  -497.487437,  -487.437186,  -477.386935,  -467.336683,  -457.286432,  -447.236181,  -437.18593 ,  -427.135678,  -417.085427,  -407.035176,
  -396.984925,  -386.934673,  -376.884422,  -366.834171,  -356.78392 ,  -346.733668,  -336.683417,  -326.633166,  -316.582915,  -306.532663,
  -296.482412,  -286.432161,  -276.38191 ,  -266.331658,  -256.281407,  -246.231156,  -236.180905,  -226.130653,  -216.080402,  -206.030151,
  -195.979899,  -185.929648,  -175.879397,  -165.829146,  -155.778894,  -145.728643,  -135.678392,  -125.628141,  -115.577889,  -105.527638,
   -95.477387,   -85.427136,   -75.376884,   -65.326633,   -55.276382,   -45.226131,   -35.175879,   -25.125628,   -15.075377,    -5.025126,
     5.025126,    15.075377,    25.125628,    35.175879,    45.226131,    55.276382,    65.326633,    75.376884,    85.427136,    95.477387,
   105.527638,   115.577889,   125.628141,   135.678392,   145.728643,   155.778894,   165.829146,   175.879397,   185.929648,   195.979899,
   206.030151,   216.080402,   226.130653,   236.180905,   246.231156,   256.281407,   266.331658,   276.38191 ,   286.432161,   296.482412,
   306.532663,   316.582915,   326.633166,   336.683417,   346.733668,   356.78392 ,   366.834171,   376.884422,   386.934673,   396.984925,
   407.035176,   417.085427,   427.135678,   437.18593 ,   447.236181,   457.286432,   467.336683,   477.386935,   487.437186,   497.487437,
   507.537688,   517.58794 ,   527.638191,   537.688442,   547.738693,   557.788945,   567.839196,   577.889447,   587.939698,   597.98995 ,
   608.040201,   618.090452,   628.140704,   638.190955,   648.241206,   658.291457,   668.341709,   678.39196 ,   688.442211,   698.492462,
   708.542714,   718.592965,   728.643216,   738.693467,   748.743719,   758.79397 ,   768.844221,   778.894472,   788.944724,   798.994975,
   809.045226,   819.095477,   829.145729,   839.19598 ,   849.246231,   859.296482,   869.346734,   879.396985,   889.447236,   899.497487,
   909.547739,   919.59799 ,   929.648241,   939.698492,   949.748744,   959.798995,   969.849246,   979.899497,   989.949749,  1000.      ]
DZ               : [-0.44    , -0.431111, -0.422222, -0.413333, -0.404444, -0.395556, -0.386667, -0.377778, -0.368889, -0.36    , -0.351111, -0.342222,
 -0.333333, -0.324444, -0.315556, -0.306667, -0.297778, -0.288889, -0.28    , -0.271111, -0.262222, -0.253333, -0.244444, -0.235556,
 -0.226667, -0.217778, -0.208889, -0.2     , -0.191111, -0.182222, -0.173333, -0.164444, -0.155556, -0.146667, -0.137778, -0.128889,
 -0.12    , -0.111111, -0.102222, -0.093333, -0.084444, -0.075556, -0.066667, -0.057778, -0.048889, -0.04    , -0.031111, -0.022222,
 -0.013333, -0.004444,  0.004444,  0.013333,  0.022222,  0.031111,  0.04    ,  0.048889,  0.057778,  0.066667,  0.075556,  0.084444,
  0.093333,  0.102222,  0.111111,  0.12    ,  0.128889,  0.137778,  0.146667,  0.155556,  0.164444,  0.173333,  0.182222,  0.191111,
  0.2     ,  0.208889,  0.217778,  0.226667,  0.235556,  0.244444,  0.253333,  0.262222,  0.271111,  0.28    ,  0.288889,  0.297778,
  0.306667,  0.315556,  0.324444,  0.333333,  0.342222,  0.351111,  0.36    ,  0.368889,  0.377778,  0.386667,  0.395556,  0.404444,
  0.413333,  0.422222,  0.431111,  0.44    ]

FLIPMIN [deg]    : 1.0
FLIPMAX [deg]    : 90.0
NFLIP            : 100

CORRCOEF         : 1.0
L1               : 100.0
L2               : 5.0
L3               : 30.0
FATBAND [Hz]     : 50.0
WATBAND [Hz]     : 10.0

Optimisation results
--------------------------------------------------------------------------------
best_value       : 55.710159134709095
best_params      :
  amp1: 0.528
  amp2: 0.5830000000000001
  amp3: 0.45
  amp4: 0.537
  amp5: 0.544
  amp6: 0.541
  amp7: 0.281
  amp8: 0.41600000000000004
  amp9: 0.318
  amp10: 0.35300000000000004
  amp11: 0.41300000000000003
  amp12: 0.555
  amp13: 0.556
  amp14: 0.605
  amp15: 0.459
  phi1: 0.02062938564082728
  phi2: -0.10437061435917272
  phi3: 0.10362938564082746
  phi4: -0.09437061435917293
  phi5: -0.004370614359173075
  phi6: -0.0903706143591716
  phi7: 0.18062938564082742
  phi8: 0.02062938564082728
  phi9: -0.02237061435917198
  phi10: 0.09062938564082756
  phi11: 0.13762938564082816
  phi12: 0.05462938564082798
  phi13: 0.056629385640828644
  phi14: 0.06862938564082732
  phi15: -0.12237061435917163

